 -Infinity    -Infinity    -Infinity       -1.386    -Infinity    -Infinity    -Infinity   
 -Infinity    -Infinity       -5.991       -2.878       -5.586    -Infinity    -Infinity   
 -Infinity       -7.601       -6.790       -4.370       -7.483       -6.790    -Infinity   
    -8.987       -8.687       -8.975       -5.861       -8.569       -8.687       -8.399   
   -10.297      -10.179      -10.243       -7.353      -10.807      -10.179       -9.737   
   -11.383      -11.853      -11.265       -8.845      -11.452      -12.011      -12.076   
   -13.462      -12.469      -12.874      -10.336      -14.143      -13.061      -13.061   
   -13.855      -13.924      -15.229      -11.828      -14.083      -15.752      -14.265   
   -15.128      -16.839      -14.877      -13.320      -15.980      -15.287      -17.649   
   -18.225      -15.927      -17.131      -14.811      -17.232      -17.589      -16.491   
   -17.536      -18.335      -19.193      -16.303      -18.899      -18.841      -18.639   
   -19.944      -20.397      -19.028      -17.794      -21.047      -20.508      -19.891   
   -21.601      -20.637      -20.966      -19.286      -21.606      -22.251      -22.405   
   -22.024      -22.863      -23.316      -20.778      -23.486      -22.810      -23.861   
   -24.249      -25.213      -23.738      -22.269      -24.978      -24.690      -24.419   
   -26.823      -24.942      -25.741      -23.761      -26.827      -26.587      -25.740   
   -26.329      -26.791      -28.654      -25.253      -26.761      -28.436      -27.791   
   -28.400      -29.858      -27.820      -26.744      -30.199      -28.371      -29.486   
   -31.062      -29.430      -29.422      -28.236      -31.201      -31.403      -30.268   
   -31.039      -30.626      -32.554      -29.728      -32.676      -32.810      -32.453   
   -32.012      -34.451      -32.754      -31.219      -33.762      -33.880      -34.420   
   -36.060      -33.958      -33.504      -32.711      -36.518      -35.371      -34.930   
   -35.344      -34.553      -37.604      -34.203      -35.951      -38.127      -36.575   
   -36.163      -38.808      -36.836      -35.694      -38.983      -37.561      -39.177   
   -40.012      -38.445      -37.185      -37.186      -40.300      -40.187      -39.458   
   -39.832      -39.082      -41.727      -38.678      -40.767      -41.503      -41.797   
   -40.691      -42.931      -41.323      -40.169      -43.976      -42.377      -42.553   
   -44.317      -42.373      -42.694      -41.661      -43.575      -45.585      -43.581   
   -43.759      -44.591      -46.032      -43.153      -44.890      -44.779      -47.195   
   -46.200      -47.236      -45.251      -44.644      -48.451      -46.499      -45.829   
   -48.622      -46.301      -48.203      -46.136      -46.850      -50.060      -47.703   
   -47.910      -49.407      -50.114      -47.628      -50.111      -48.460      -51.110   
   -51.016      -51.318      -49.402      -49.119      -52.926      -51.721      -49.510   
   -52.927      -50.606      -52.508      -50.611      -51.918      -54.535      -52.771   
   -51.992      -53.557      -54.930      -52.103      -53.792      -53.527      -55.739   
   -54.944      -56.827      -53.707      -53.594      -56.302      -54.996      -55.137   
   -58.436      -54.911      -56.435      -55.086      -57.544      -57.912      -56.046   
   -56.115      -58.045      -58.998      -56.578      -57.761      -58.748      -59.809   
   -59.249      -60.607      -57.137      -58.069      -61.183      -58.965      -60.646   
   -62.217      -58.341      -60.741      -59.561      -63.053      -62.792      -60.015   
   -59.727      -62.638      -63.932      -61.052      -61.324      -64.257      -64.402   
   -64.247      -65.136      -61.218      -62.544      -66.351      -62.933      -65.307   
   -66.745      -62.422      -65.739      -64.036      -67.715      -67.960      -63.983   
   -64.032      -66.943      -68.237      -65.527      -66.391      -69.325      -69.010   
   -68.329      -70.134      -65.747      -67.019      -69.727      -67.595      -70.934   
   -71.520      -67.644      -70.044      -68.511      -71.219      -70.931      -69.204   
   -69.253      -71.248      -72.893      -70.002      -71.612      -72.828      -71.981   
   -72.634      -73.943      -71.256      -71.494      -73.003      -73.222      -74.032   
   -75.552      -72.460      -74.126      -72.986      -76.440      -74.612      -74.272   
   -74.069      -75.330      -77.044      -74.477      -76.680      -78.050      -75.662   
   -76.716      -78.941      -75.784      -75.969      -76.971      -77.884      -79.659   
   -80.550      -76.988      -78.208      -77.461      -81.267      -78.581      -78.933   
   -78.374      -79.257      -82.354      -78.952      -79.955      -82.877      -79.785   
   -80.461      -83.963      -79.396      -80.444      -81.499      -81.159      -84.774   
   -85.349      -80.446      -82.464      -81.936      -84.356      -83.109      -82.363   
   -81.832      -83.514      -86.829      -83.427      -83.385      -85.965      -84.313   
   -84.718      -88.438      -82.854      -84.919      -86.028      -84.589      -87.863   
   -89.824      -84.751      -86.432      -86.411      -89.119      -87.232      -86.198   
   -86.360      -87.636      -90.793      -87.902      -88.606      -90.728      -88.281   
   -89.246      -91.997      -87.852      -89.394      -90.689      -90.215      -91.778   
   -93.201      -89.461      -90.268      -90.886      -93.493      -91.893      -92.113   
   -91.071      -91.472      -94.692      -92.377      -94.521      -95.102      -92.943   
   -92.858      -95.742      -93.073      -93.869      -93.965      -96.130      -96.306   
   -97.128      -94.123      -94.860      -95.361      -97.328      -95.574      -97.334   
   -95.732      -96.064      -98.620      -96.852      -99.742      -98.937      -96.624   
   -97.268     -100.229      -96.754      -98.344      -98.339     -100.946     -100.834   
  -101.839      -97.958      -98.760      -99.836     -103.242      -99.948     -101.996   
   -99.344     -100.657     -103.554     -101.327     -103.305     -104.446     -101.558   
  -102.043     -105.451     -101.059     -102.819     -102.867     -104.509     -106.056   
  -106.837     -102.109     -104.046     -104.310     -106.731     -104.477     -105.713   
  -103.495     -105.943     -108.552     -105.802     -107.022     -107.935     -106.086   
  -107.329     -109.602     -105.498     -107.184     -107.108     -108.632     -109.139   
  -111.211     -106.702     -108.821     -108.676     -111.547     -108.717     -109.682   
  -108.088     -109.871     -113.214     -110.167     -110.703     -113.156     -109.921   
  -111.257     -114.263     -110.091     -111.659     -110.943     -112.313     -114.360   
  -115.650     -111.988     -112.972     -113.151     -115.669     -112.147     -113.922   
  -113.192     -114.581     -116.671     -114.642     -115.637     -116.873     -114.044   
  -115.968     -118.569     -114.906     -116.134     -115.353     -116.841     -118.483   
  -120.178     -116.110     -117.459     -117.626     -120.891     -116.963     -117.891   
  -117.497     -118.509     -122.180     -119.117     -118.912     -122.500     -118.166   
  -120.118     -123.384     -118.988     -120.609     -120.574     -120.522     -123.550   
  -124.771     -120.885     -121.833     -122.101     -124.809     -121.778     -122.131   
  -122.272     -123.730     -126.486     -123.592     -123.441     -126.013     -123.388   
  -125.340     -127.689     -123.763     -125.084     -125.796     -125.050     -127.063   
  -129.299     -124.967     -126.831     -126.576     -129.471     -127.405     -126.100   
  -126.354     -127.881     -131.301     -128.067     -127.121     -131.080     -128.609   
  -129.491     -132.505     -127.845     -129.559     -131.017     -128.731     -132.130   
  -133.892     -128.895     -131.493     -131.051     -133.151     -132.627     -129.935   
  -130.281     -133.390     -135.606     -132.542     -131.244     -134.355     -134.236   
  -134.594     -137.216     -131.303     -133.970     -135.951     -132.448     -136.253   
  -138.420     -132.913     -135.616     -135.462     -137.967     -137.155     -134.345   
  -134.116     -137.225     -139.374     -136.954     -136.060     -139.171     -139.052   
  -138.835     -140.578     -135.608     -137.805     -141.460     -137.670     -140.221   
  -141.782     -137.218     -139.856     -139.297     -141.936     -142.664     -139.567   
  -138.422     -141.466     -142.804     -140.789     -141.281     -143.140     -144.561   
  -142.852     -144.701     -140.136     -142.110     -144.988     -142.485     -144.749   
  -146.087     -141.186     -144.855     -143.602     -145.771     -146.598     -143.689   
  -142.390     -146.464     -147.109     -145.094     -145.404     -146.975     -148.495   
  -148.074     -148.313     -143.882     -146.079     -150.392     -147.014     -148.025   
  -149.699     -144.932     -150.076     -147.571     -149.046     -152.002     -148.218   
  -146.318     -151.126     -151.701     -149.062     -149.239     -150.656     -153.205   
  -152.512     -152.751     -148.320     -150.007     -152.974     -150.849     -151.860   
  -154.138     -149.370     -154.515     -151.498     -152.881     -154.584     -152.053   
  -150.757     -156.412     -155.852     -152.990     -153.362     -154.085     -156.193   
  -157.798     -156.902     -152.759     -154.445     -156.902     -154.971     -155.289   
  -158.288     -153.809     -159.338     -155.937     -156.311     -158.512     -156.175   
  -155.195     -160.388     -160.291     -157.429     -157.197     -157.921     -159.716   
  -161.592     -161.900     -156.217     -158.884     -161.430     -158.401     -159.818   
  -163.104     -157.826     -162.614     -160.376     -161.532     -162.634     -160.298   
  -159.213     -164.511     -164.819     -161.867     -161.607     -162.736     -164.244   
  -166.120     -166.023     -160.704     -162.901     -166.652     -163.217     -163.786   
  -167.409     -161.754     -167.794     -164.393     -164.808     -168.261     -164.421   
  -162.958     -169.404     -168.305     -165.885     -166.136     -166.012     -170.158   
  -171.013     -169.509     -164.450     -166.647     -171.183     -167.745     -167.062   
  -170.895     -166.347     -171.252     -168.138     -168.371     -172.387     -169.355   
  -167.733     -172.302     -172.898     -169.630     -170.376     -169.980     -173.591   
  -173.506     -174.507     -168.755     -171.122     -174.235     -171.580     -171.878   
  -175.894     -169.804     -175.508     -172.613     -172.899     -175.845     -172.784   
  -171.191     -176.558     -177.506     -174.105     -173.806     -174.509     -177.049   
  -177.944     -178.556     -173.193     -174.880     -178.017     -175.415     -175.713   
  -179.942     -175.090     -179.485     -176.371     -177.022     -179.221     -177.025   
  -176.700     -180.689     -180.753     -177.863     -179.433     -178.631     -180.271   
  -182.298     -181.957     -178.191     -179.355     -182.679     -181.042     -179.681   
  -183.567     -179.395     -183.737     -180.846     -182.089     -184.288     -182.092   
  -180.782     -185.634     -185.282     -182.338     -183.401     -183.293     -185.898   
  -187.243     -186.486     -182.273     -183.830     -187.636     -185.011     -184.343   
  -187.872     -184.171     -188.435     -185.321     -185.652     -188.840     -186.620   
  -185.780     -189.639     -189.363     -186.813     -189.028     -187.262     -189.890   
  -191.248     -190.567     -187.272     -188.305     -192.111     -190.638     -188.312   
  -191.954     -188.321     -193.197     -189.796     -189.333     -193.721     -191.841   
  -189.931     -194.401     -193.445     -191.288     -194.249     -190.943     -194.770   
  -196.011     -194.649     -191.423     -192.780     -196.586     -195.859     -191.992   
  -196.036     -192.472     -197.672     -194.271     -193.014     -198.196     -197.063   
  -193.859     -199.569     -197.750     -195.763     -198.372     -194.218     -199.805   
  -200.956     -198.800     -195.861     -197.254     -199.675     -199.982     -195.422   
  -200.187     -196.911     -202.147     -198.746     -196.444     -201.284     -201.186   
  -198.297     -204.044     -201.901     -200.238     -202.495     -197.648     -202.894   
  -205.248     -203.511     -199.319     -201.729     -204.609     -203.699     -199.545   
  -204.897     -200.369     -206.622     -203.221     -200.566     -206.218     -204.903   
  -201.978     -207.826     -206.389     -204.713     -207.311     -202.176     -207.268   
  -209.436     -207.593     -203.470     -205.667     -209.676     -208.920     -203.226   
  -208.979     -205.367     -210.272     -206.915     -204.535     -210.880     -210.530   
  -206.571     -211.882     -210.001     -208.406     -211.520     -205.739     -212.777   
  -213.268     -211.898     -208.286     -209.898     -212.606     -212.724     -207.348   
  -213.284     -209.336     -214.791     -211.037     -208.370     -214.215     -213.928   
  -210.722     -216.688     -214.999     -212.529     -215.237     -209.574     -215.825   
  -217.892     -216.608     -211.743     -214.021     -217.134     -216.441     -211.471   
  -217.995     -212.793     -218.913     -215.160     -212.493     -218.744     -217.645   
  -214.403     -220.117     -219.486     -216.652     -220.053     -214.102     -219.793   
  -221.727     -220.690     -215.894     -218.092     -221.950     -221.662     -215.152   
  -221.894     -217.504     -222.004     -218.841     -216.867     -223.154     -223.559   
  -218.708     -223.613     -222.753     -220.333     -223.446     -218.071     -225.051   
  -225.223     -223.957     -220.199     -221.824     -225.631     -225.056     -219.121   
  -225.343     -222.097     -226.429     -222.810     -220.430     -226.835     -226.665   
  -223.301     -228.039     -226.365     -224.301     -227.415     -221.634     -228.732   
  -229.425     -228.262     -225.015     -225.793     -228.501     -228.619     -223.243   
  -229.648     -226.912     -230.398     -226.932     -224.553     -229.705     -230.228   
  -228.116     -232.007     -230.670     -228.424     -231.537     -225.757     -231.602   
  -233.617     -231.874     -229.608     -229.916     -233.722     -233.147     -226.807   
  -233.260     -231.505     -234.521     -230.495     -228.116     -234.926     -234.756   
  -232.892     -235.571     -235.263     -231.987     -234.407     -229.725     -236.130   
  -236.957     -236.313     -234.894     -233.479     -235.899     -236.017     -230.929   
  -237.517     -236.503     -237.391     -234.618     -232.644     -237.103     -237.914   
  -237.890     -238.441     -239.511     -236.110     -238.530     -234.254     -238.307   
  -240.050     -240.715     -239.381     -237.602     -240.715     -240.140     -235.303   
  -242.101     -240.431     -242.053     -238.992     -236.325     -242.324     -241.344   
  -241.817     -243.950     -243.597     -240.484     -242.653     -237.529     -243.934   
  -245.559     -244.801     -243.309     -241.976     -245.782     -244.262     -238.579   
  -246.188     -244.359     -246.868     -242.268     -239.600     -247.392     -245.466   
  -245.563     -248.478     -246.180     -243.759     -246.873     -240.804     -249.289   
  -249.864     -247.230     -247.565     -245.251     -247.671     -248.482     -242.008   
  -248.616     -248.615     -250.144     -245.697     -243.030     -249.281     -249.686   
  -249.819     -251.753     -249.609     -247.189     -250.302     -244.234     -251.178   
  -253.363     -250.813     -251.311     -248.681     -252.487     -251.912     -245.284   
  -252.200     -252.361     -253.573     -248.973     -246.306     -254.097     -253.116   
  -253.970     -254.777     -253.355     -250.464     -254.271     -247.915     -255.147   
  -256.387     -254.559     -254.846     -251.956     -255.763     -255.880     -248.965   
  -255.945     -256.744     -256.561     -252.654     -250.274     -256.967     -257.490   
  -257.948     -258.171     -256.566     -254.145     -257.259     -251.478     -258.864   
  -259.375     -258.175     -258.057     -255.637     -258.750     -258.463     -253.375   
  -259.561     -259.107     -260.530     -257.064     -254.397     -260.360     -259.667   
  -260.311     -262.139     -260.583     -258.556     -261.382     -255.601     -262.257   
  -263.749     -261.787     -261.803     -260.047     -263.854     -262.991     -256.651   
  -263.173     -263.700     -264.653     -260.340     -257.960     -265.058     -264.600   
  -265.086     -265.702     -265.176     -261.831     -264.252     -259.569     -266.262   
  -267.089     -266.226     -266.724     -263.323     -265.743     -265.861     -260.773   
  -267.430     -268.333     -267.235     -264.462     -262.488     -266.947     -267.758   
  -269.720     -268.285     -269.355     -265.954     -268.374     -264.098     -268.151   
  -269.671     -270.405     -270.847     -267.446     -269.173     -269.984     -265.302   
  -271.609     -272.456     -270.693     -268.937     -267.016     -270.377     -271.881   
  -273.660     -272.302     -272.631     -270.429     -273.542     -268.220     -272.274   
  -273.688     -273.680     -275.322     -271.921     -273.296     -275.152     -269.424   
  -275.067     -277.219     -275.403     -273.113     -270.734     -274.500     -276.761   
  -278.423     -277.013     -276.088     -274.605     -277.718     -271.938     -276.397   
  -278.399     -277.985     -279.210     -276.097     -277.706     -278.922     -273.547   
  -279.372     -281.107     -280.114     -277.236     -274.856     -278.910     -280.532   
  -282.717     -281.318     -280.863     -278.728     -282.534     -276.466     -279.960   
  -282.927     -282.067     -283.110     -280.219     -282.368     -284.144     -277.516   
  -283.454     -285.007     -284.642     -281.205     -278.825     -283.572     -285.753   
  -286.393     -285.692     -285.456     -282.696     -285.117     -280.434     -284.776   
  -287.078     -286.506     -287.589     -284.188     -285.797     -286.726     -281.638   
  -287.892     -289.486     -288.793     -285.327     -282.948     -287.001     -288.335   
  -290.872     -289.843     -289.895     -286.819     -289.239     -284.557     -288.205   
  -291.229     -290.945     -291.712     -288.311     -289.227     -290.849     -285.761   
  -292.331     -293.609     -292.916     -289.450     -287.071     -290.431     -292.458   
  -295.218     -294.120     -293.823     -290.942     -294.748     -288.680     -291.481   
  -295.506     -294.872     -295.835     -292.433     -292.502     -296.358     -289.884   
  -296.259     -296.884     -297.326     -293.573     -290.906     -294.112     -297.562   
  -298.088     -298.936     -297.280     -295.064     -298.178     -292.110     -296.009   
  -300.545     -298.484     -299.446     -296.556     -298.417     -299.787     -293.159   
  -300.094     -300.650     -300.938     -296.848     -295.567     -300.026     -300.837   
  -301.854     -302.548     -300.760     -298.340     -301.453     -296.771     -301.923   
  -304.157     -301.964     -302.722     -299.832     -303.638     -303.063     -297.821   
  -303.168     -304.331     -303.744     -301.323     -299.536     -304.842     -304.960   
  -305.535     -305.353     -304.190     -302.815     -305.928     -300.740     -306.739   
  -306.739     -305.240     -307.538     -304.307     -306.727     -307.538     -301.944   
  -306.849     -308.742     -308.231     -305.633     -304.352     -308.336     -308.588   
  -309.946     -309.840     -307.871     -307.124     -310.238     -305.556     -310.233   
  -311.227     -308.921     -311.948     -308.616     -311.036     -311.847     -306.760   
  -310.125     -313.558     -312.248     -310.108     -308.475     -312.240     -313.744   
  -314.762     -313.858     -311.146     -311.599     -314.713     -309.679     -314.137   
  -315.244     -312.196     -316.492     -313.091     -315.159     -316.322     -310.882   
  -313.582     -317.542     -317.247     -314.571     -311.904     -316.769     -317.526   
  -319.151     -318.451     -315.074     -316.063     -319.870     -313.514     -317.818   
  -319.655     -316.683     -319.975     -317.555     -319.533     -321.074     -315.411   
  -318.070     -321.872     -321.369     -319.046     -316.720     -320.737     -322.683   
  -323.076     -322.979     -319.091     -320.538     -323.651     -317.924     -322.634   
  -324.365     -320.141     -325.079     -322.030     -323.656     -325.261     -319.128   
  -321.345     -326.688     -325.387     -322.817     -320.843     -324.860     -327.158   
  -327.892     -326.996     -322.367     -324.309     -327.422     -322.047     -326.757   
  -328.606     -323.571     -328.691     -325.800     -329.165     -329.031     -323.097   
  -325.180     -329.895     -330.097     -326.785     -325.505     -330.774     -330.081   
  -331.504     -331.301     -326.672     -328.277     -332.084     -327.114     -331.824   
  -332.911     -327.876     -332.659     -329.769     -333.575     -333.693     -328.164   
  -329.262     -333.709     -334.662     -331.260     -329.185     -335.185     -334.897   
  -335.095     -336.559     -330.977     -332.752     -335.460     -330.389     -336.794   
  -337.945     -332.027     -337.098     -334.244     -336.664     -337.070     -331.593   
  -333.636     -338.302     -338.626     -335.282     -334.001     -338.274     -338.119   
  -339.911     -339.830     -335.128     -336.774     -340.527     -335.611     -339.323   
  -341.439     -336.332     -341.156     -338.266     -341.731     -342.137     -336.661   
  -337.536     -342.765     -342.178     -339.757     -338.375     -342.935     -344.034   
  -344.152     -344.075     -339.251     -341.225     -343.957     -339.579     -344.545   
  -345.461     -341.148     -345.830     -342.716     -345.424     -345.161     -341.189   
  -342.757     -347.034     -346.953     -344.208     -343.597     -347.034     -346.211   
  -348.420     -348.002     -344.760     -345.700     -347.232     -345.206     -348.238   
  -349.389     -345.809     -350.423     -347.191     -349.259     -348.842     -346.410   
  -347.013     -352.032     -350.410     -348.683     -348.125     -350.463     -350.739   
  -353.641     -351.614     -348.505     -350.175     -353.147     -349.734     -351.513   
  -353.224     -349.709     -354.557     -351.666     -353.921     -354.756     -350.784   
  -351.095     -355.606     -355.226     -353.158     -351.806     -355.531     -355.960   
  -356.810     -356.836     -352.117     -354.650     -357.675     -353.010     -357.428   
  -358.222     -353.167     -358.813     -356.141     -358.449     -359.285     -354.214   
  -354.776     -360.017     -359.714     -357.633     -356.622     -360.059     -360.334   
  -361.221     -361.323     -355.798     -358.465     -362.049     -357.826     -361.956   
  -362.709     -357.695     -362.936     -359.957     -362.665     -363.253     -359.435   
  -359.081     -364.833     -364.424     -361.448     -360.744     -363.869     -364.863   
  -366.219     -365.474     -361.084     -362.770     -365.360     -362.354     -365.073   
  -366.860     -362.134     -367.663     -364.262     -366.094     -366.970     -363.558   
  -363.520     -369.560     -368.575     -365.754     -364.867     -367.298     -368.579   
  -370.764     -370.185     -364.542     -367.209     -370.294     -366.071     -369.196   
  -371.389     -366.151     -371.121     -368.700     -370.910     -371.498     -367.968   
  -367.355     -372.730     -372.410     -370.192     -369.683     -372.114     -373.395   
  -374.340     -373.614     -368.847     -371.044     -375.490     -371.293     -373.164   
  -375.000     -369.896     -375.937     -372.536     -374.186     -377.100     -372.497   
  -371.283     -376.987     -377.003     -374.027     -373.518     -375.795     -378.304   
  -378.373     -378.900     -372.998     -374.972     -378.227     -374.722     -377.405   
  -380.286     -374.047     -379.865     -376.463     -378.426     -379.836     -375.926   
  -375.657     -381.068     -380.845     -377.955     -378.334     -380.036     -380.886   
  -382.455     -382.742     -377.372     -379.346     -382.155     -379.538     -381.645   
  -384.129     -379.269     -383.951     -380.837     -382.955     -383.359     -381.147   
  -380.473     -385.560     -384.749     -382.329     -382.862     -384.159     -385.256   
  -386.947     -386.647     -382.188     -383.821     -386.529     -384.066     -385.768   
  -388.256     -383.391     -388.203     -385.312     -388.176     -388.138     -385.116   
  -384.595     -389.812     -389.224     -386.804     -386.831     -389.380     -390.035   
  -391.016     -390.834     -385.617     -388.284     -391.409     -388.035     -391.277   
  -392.220     -387.514     -392.731     -389.776     -392.484     -392.613     -389.644   
  -388.901     -393.781     -394.223     -391.268     -390.666     -394.093     -393.817   
  -394.985     -395.832     -389.922     -392.589     -395.532     -391.870     -395.991   
  -397.218     -390.972     -396.987     -394.081     -396.501     -397.141     -393.074   
  -392.176     -398.597     -397.993     -395.573     -394.789     -397.705     -399.038   
  -399.801     -399.603     -393.198     -395.865     -400.178     -395.993     -399.603   
  -400.806     -394.807     -399.777     -397.357     -400.470     -401.382     -397.890   
  -396.193     -401.674     -401.962     -398.848     -399.199     -401.674     -402.991   
  -403.060     -403.012     -398.196     -399.882     -402.760     -400.809     -402.878   
  -404.621     -399.400     -404.264     -401.374     -405.181     -404.370     -401.858   
  -400.786     -405.314     -406.267     -402.866     -402.880     -406.790     -405.574   
  -406.700     -408.164     -402.501     -404.357     -406.883     -404.084     -408.399   
  -409.773     -403.705     -408.192     -405.849     -409.656     -408.492     -405.134   
  -404.909     -409.801     -409.761     -407.341     -406.849     -410.859     -410.389   
  -411.411     -410.965     -406.401     -408.598     -412.639     -408.458     -411.909   
  -412.169     -408.010     -412.433     -410.089     -413.203     -413.843     -410.355   
  -409.396     -414.330     -413.884     -411.581     -411.664     -414.407     -415.452   
  -415.716     -415.781     -411.111     -413.073     -415.781     -412.868     -416.016   
  -417.167     -412.161     -417.718     -414.564     -416.985     -417.390     -414.072   
  -413.365     -419.328     -418.189     -416.056     -415.787     -418.189     -419.287   
  -420.532     -419.798     -414.386     -417.054     -420.661     -416.991     -420.086   
  -421.002     -415.996     -420.966     -418.545     -421.659     -421.865     -418.888   
  -417.200     -422.575     -422.024     -420.037     -420.603     -422.863     -423.762   
  -423.961     -423.074     -419.202     -420.889     -423.949     -422.213     -424.067   
  -424.460     -420.252     -425.782     -422.380     -424.801     -425.558     -423.417   
  -421.638     -427.679     -426.175     -423.872     -424.726     -426.005     -427.168   
  -428.883     -427.784     -422.660     -425.327     -428.477     -425.930     -427.902   
  -429.170     -423.710     -430.220     -426.819     -428.924     -430.087     -427.134   
  -425.319     -431.424     -430.662     -428.311     -429.542     -430.533     -431.137   
  -432.810     -431.712     -427.322     -429.008     -432.158     -431.151     -431.737   
  -433.098     -428.372     -433.901     -430.500     -432.759     -433.768     -432.355   
  -429.576     -435.511     -434.120     -431.992     -434.070     -433.963     -435.665   
  -437.120     -435.324     -431.067     -433.265     -437.290     -435.679     -435.012   
  -436.710     -432.964     -437.870     -434.756     -436.322     -438.494     -437.289   
  -434.168     -439.479     -437.732     -436.248     -439.004     -437.526     -440.391   
  -440.865     -439.629     -435.883     -437.740     -440.448     -440.208     -439.135   
  -441.238     -437.087     -442.122     -439.231     -441.543     -442.057     -441.257   
  -438.473     -443.171     -443.241     -440.723     -442.279     -443.153     -443.261   
  -444.781     -444.445     -439.965     -442.162     -445.669     -443.889     -444.202   
  -445.831     -441.862     -446.496     -443.654     -445.512     -446.873     -445.498   
  -443.249     -447.545     -447.834     -445.146     -446.520     -447.121     -448.077   
  -448.932     -448.883     -445.251     -446.637     -449.058     -448.129     -448.325   
  -450.493     -446.455     -450.423     -448.129     -450.733     -450.667     -449.179   
  -447.841     -451.473     -452.495     -449.621     -450.201     -452.342     -451.871   
  -452.859     -453.545     -449.844     -451.112     -452.893     -451.810     -453.546   
  -454.931     -450.894     -454.862     -452.604     -454.568     -454.502     -453.014   
  -452.280     -456.759     -456.646     -454.096     -454.323     -455.772     -456.112   
  -457.963     -458.256     -453.302     -455.587     -457.826     -455.527     -457.669   
  -459.642     -454.351     -459.966     -457.079     -458.691     -459.436     -456.731   
  -455.738     -461.015     -461.644     -458.571     -457.753     -460.300     -460.640   
  -462.219     -463.254     -456.759     -459.427     -462.355     -458.957     -462.197   
  -464.863     -457.963     -463.711     -460.918     -464.605     -463.964     -460.007   
  -459.573     -464.915     -465.300     -462.410     -462.415     -466.215     -465.014   
  -466.301     -466.350     -461.575     -463.262     -466.036     -464.024     -467.419   
  -467.736     -462.625     -468.154     -464.753     -467.174     -467.645     -465.228   
  -464.011     -469.204     -469.646     -466.245     -466.250     -468.783     -468.849   
  -470.408     -471.256     -465.033     -467.700     -470.564     -467.454     -470.680   
  -472.865     -466.237     -471.900     -469.192     -472.999     -472.173     -468.503   
  -467.623     -472.950     -474.085     -470.684     -469.525     -474.608     -473.377   
  -474.154     -475.694     -468.645     -471.312     -475.092     -470.729     -476.505   
  -476.898     -470.254     -475.175     -472.804     -475.917     -476.296     -472.626   
  -471.458     -476.785     -476.716     -474.295     -474.341     -477.121     -478.193   
  -477.989     -478.325     -472.480     -475.147     -478.901     -475.545     -479.018   
  -479.935     -473.684     -479.480     -476.639     -480.446     -480.510     -476.595   
  -474.888     -481.090     -480.551     -478.130     -478.310     -481.649     -482.407   
  -482.476     -481.601     -476.890     -478.577     -482.043     -479.919     -482.853   
  -482.987     -478.788     -483.182     -480.068     -482.776     -483.246     -481.528   
  -480.174     -484.232     -484.961     -481.560     -482.550     -484.386     -484.450   
  -485.841     -486.165     -481.665     -483.052     -486.858     -484.160     -485.436   
  -487.369     -483.275     -486.863     -484.543     -487.151     -488.062     -486.057   
  -484.884     -488.067     -488.861     -486.035     -488.465     -488.760     -489.112   
  -489.453     -489.911     -486.887     -487.527     -489.947     -490.074     -489.964   
  -491.115     -488.496     -490.475     -489.018     -491.679     -491.151     -491.971   
  -489.700     -492.084     -492.136     -490.510     -493.624     -492.883     -493.048   
  -493.694     -493.340     -491.192     -492.002     -495.456     -495.233     -493.933   
  -494.544     -492.801     -494.715     -493.493     -495.647     -496.660     -497.130   
  -494.188     -495.765     -496.547     -494.985     -497.405     -497.257     -497.864   
  -497.375     -497.751     -495.679     -496.477     -500.272     -499.015     -498.307   
  -498.955     -497.289     -498.396     -497.968     -500.021     -501.476     -500.912   
  -498.493     -500.006     -499.976     -499.460     -502.573     -501.225     -503.373   
  -501.210     -501.586     -499.514     -500.952     -504.065     -503.777     -503.123   
  -502.790     -501.124     -502.231     -502.443     -504.837     -505.269     -505.675   
  -502.328     -503.841     -503.811     -503.935     -507.048     -506.041     -507.166   
  -505.045     -505.421     -503.349     -505.427     -508.540     -508.252     -507.938   
  -506.625     -504.959     -506.066     -506.918     -509.653     -509.744     -510.150   
  -506.568     -507.270     -508.116     -508.410     -512.217     -511.263     -510.794   
  -508.657     -510.014     -508.283     -509.902     -512.103     -513.421     -512.872   
  -511.218     -509.893     -509.678     -511.393     -514.507     -513.307     -515.318   
  -511.279     -510.728     -513.220     -512.885     -515.305     -516.116     -514.511   
  -512.114     -515.117     -512.994     -514.377     -515.820     -516.509     -517.726   
  -516.503     -514.891     -513.829     -515.803     -518.576     -517.024     -518.119   
  -516.500     -515.033     -517.995     -517.295     -520.527     -520.186     -518.074   
  -516.643     -519.199     -517.992     -518.787     -520.482     -522.136     -521.235   
  -520.585     -519.042     -518.645     -520.278     -522.257     -522.092     -523.340   
  -520.246     -520.255     -521.607     -521.770     -524.883     -523.461     -523.989   
  -521.641     -523.504     -521.960     -523.262     -525.298     -526.087     -525.071   
  -524.890     -523.010     -523.643     -524.753     -526.092     -526.908     -527.291   
  -524.397     -524.693     -526.893     -526.245     -528.313     -527.702     -528.112   
  -526.303     -528.097     -525.888     -527.737     -530.519     -529.922     -528.751   
  -529.483     -526.938     -528.305     -529.228     -529.773     -532.129     -531.126   
  -528.142     -529.914     -530.505     -530.720     -532.841     -530.977     -534.026   
  -531.301     -531.555     -530.144     -531.831     -534.632     -534.451     -532.181   
  -532.941     -531.194     -533.303     -533.323     -533.203     -536.241     -535.655   
  -532.581     -534.353     -534.943     -534.814     -536.676     -534.812     -537.445   
  -535.739     -536.841     -534.295     -536.269     -538.755     -537.880     -536.422   
  -538.227     -536.192     -537.454     -537.761     -537.731     -539.959     -539.490   
  -537.396     -539.064     -539.249     -539.253     -541.204     -538.935     -541.856   
  -540.673     -540.453     -538.888     -540.744     -544.264     -542.814     -539.985   
  -541.839     -540.785     -542.388     -542.236     -541.294     -545.468     -544.423   
  -542.172     -543.438     -543.841     -543.728     -545.445     -542.903     -546.672   
  -545.047     -545.045     -543.663     -545.219     -549.026     -547.054     -543.953   
  -546.432     -544.713     -547.050     -546.711     -544.975     -550.635     -548.258   
  -546.099     -548.947     -548.146     -548.203     -549.568     -546.179     -552.245   
  -550.151     -549.756     -547.121     -549.694     -552.808     -550.772     -548.076   
  -551.142     -549.018     -551.865     -551.186     -549.385     -554.012     -552.381   
  -550.222     -553.475     -552.164     -552.678     -554.096     -550.589     -555.909   
  -554.861     -553.214     -552.225     -553.911     -556.590     -555.705     -551.793   
  -554.418     -553.834     -555.883     -555.403     -553.508     -557.794     -557.603   
  -555.220     -557.780     -556.132     -556.894     -558.912     -554.712     -559.403   
  -559.166     -557.182     -557.223     -558.386     -560.425     -560.521     -555.916   
  -558.386     -558.832     -560.188     -559.605     -557.631     -561.629     -562.418   
  -560.218     -561.238     -560.389     -561.097     -563.440     -559.240     -562.833   
  -562.442     -561.998     -561.240     -562.588     -564.547     -564.644     -561.137   
  -563.384     -562.290     -564.444     -564.080     -562.159     -566.157     -565.848   
  -563.676     -566.341     -565.099     -565.572     -567.157     -563.363     -567.766   
  -567.728     -566.996     -565.391     -567.063     -569.076     -568.361     -564.972   
  -568.200     -567.000     -568.749     -568.555     -566.687     -570.280     -570.258   
  -568.387     -569.799     -570.203     -570.047     -571.280     -568.297     -571.484   
  -571.003     -571.812     -569.408     -571.538     -573.198     -572.484     -570.194   
  -573.422     -570.612     -572.495     -573.030     -572.602     -574.808     -573.534   
  -571.999     -574.392     -575.136     -574.521     -574.843     -573.806     -576.417   
  -575.596     -576.746     -573.020     -575.688     -578.132     -576.047     -575.703   
  -578.355     -574.224     -577.087     -577.179     -578.111     -579.742     -577.097   
  -575.428     -578.697     -579.377     -578.671     -578.812     -579.315     -581.639   
  -580.083     -581.274     -577.143     -579.117     -582.871     -580.016     -580.924   
  -582.660     -578.193     -582.086     -580.609     -581.946     -584.480     -581.220   
  -579.579     -583.983     -584.375     -582.100     -582.529     -583.150     -586.089   
  -585.187     -585.985     -580.601     -583.268     -586.706     -583.733     -585.047   
  -587.189     -582.210     -586.208     -584.760     -586.762     -587.910     -585.630   
  -583.597     -587.258     -589.191     -586.251     -586.652     -588.371     -589.114   
  -588.645     -591.088     -585.311     -587.285     -590.423     -587.856     -589.981   
  -592.698     -586.515     -590.136     -588.777     -592.389     -592.032     -588.906   
  -587.902     -592.033     -593.382     -590.269     -590.215     -593.593     -593.642   
  -593.237     -594.992     -588.923     -591.591     -594.874     -591.419     -595.490   
  -596.378     -589.973     -595.240     -593.082     -595.503     -596.483     -592.623   
  -591.359     -596.290     -597.975     -594.574     -593.645     -597.112     -597.687   
  -597.494     -599.584     -592.381     -595.048     -599.179     -594.849     -599.009   
  -600.971     -594.278     -599.208     -596.540     -599.248     -600.383     -596.458   
  -595.888     -600.412     -600.922     -598.032     -598.866     -600.857     -601.433   
  -601.799     -602.819     -597.602     -599.523     -602.231     -600.070     -602.467   
  -604.429     -598.806     -603.290     -601.015     -604.822     -603.841     -601.120   
  -600.010     -604.900     -604.927     -602.507     -602.834     -606.026     -605.738   
  -606.286     -606.824     -601.725     -603.699     -606.706     -604.038     -607.635   
  -608.433     -602.929     -607.778     -605.191     -608.998     -608.316     -605.088   
  -604.315     -609.675     -609.796     -606.683     -606.398     -610.202     -609.925   
  -611.061     -611.693     -606.030     -608.004     -610.882     -607.602     -611.811   
  -613.079     -607.080     -612.897     -609.496     -611.916     -612.492     -608.806   
  -608.466     -613.947     -614.389     -610.988     -609.827     -613.526     -613.696   
  -615.333     -615.439     -610.469     -612.155     -614.717     -611.437     -614.730   
  -616.643     -612.078     -616.067     -613.647     -616.445     -615.921     -613.334   
  -613.465     -617.964     -618.252     -615.139     -614.643     -617.649     -617.531   
  -619.351     -620.149     -615.179     -616.630     -618.840     -615.847     -619.258   
  -621.535     -617.076     -621.065     -618.122     -620.567     -620.044     -617.457   
  -618.463     -622.963     -622.727     -619.613     -618.766     -621.771     -621.653   
  -624.167     -624.336     -619.484     -621.105     -623.368     -619.970     -623.668   
  -625.540     -621.094     -625.017     -622.597     -625.383     -624.572     -621.867   
  -622.480     -626.067     -627.490     -624.088     -622.889     -626.993     -625.776   
  -627.453     -628.539     -624.483     -625.580     -626.798     -624.498     -628.197   
  -629.926     -626.380     -629.168     -627.072     -629.506     -628.002     -626.107   
  -627.766     -630.218     -631.928     -628.563     -627.129     -631.115     -629.206   
  -631.604     -632.978     -629.769     -630.055     -630.227     -628.739     -632.319   
  -634.364     -631.666     -633.319     -631.547     -633.629     -631.431     -630.348   
  -633.052     -634.369     -636.367     -633.038     -631.370     -635.238     -632.635   
  -635.755     -638.264     -634.767     -634.530     -633.945     -632.574     -636.848   
  -639.650     -635.817     -637.758     -636.022     -637.869     -635.554     -633.778   
  -637.203     -638.807     -640.915     -637.466     -634.799     -639.479     -636.758   
  -640.011     -642.524     -638.225     -638.958     -638.473     -636.003     -641.376   
  -644.133     -639.428     -641.503     -640.450     -643.784     -640.082     -637.053   
  -641.038     -642.707     -644.832     -640.742     -639.461     -645.393     -641.132   
  -644.316     -646.036     -642.530     -642.234     -643.540     -641.070     -646.443   
  -647.645     -643.734     -645.808     -643.725     -647.532     -645.150     -642.120   
  -645.120     -647.705     -648.330     -645.217     -643.430     -648.736     -646.759   
  -649.315     -649.534     -646.611     -646.709     -649.167     -645.039     -649.786   
  -651.144     -647.815     -650.806     -648.200     -652.007     -650.776     -646.089   
  -649.202     -651.856     -653.093     -649.692     -647.110     -653.616     -651.980   
  -653.060     -654.702     -650.223     -651.184     -653.695     -648.314     -655.513   
  -656.312     -651.427     -654.552     -652.675     -656.482     -655.305     -649.364   
  -652.814     -656.449     -657.280     -653.053     -650.674     -657.686     -656.914   
  -657.835     -659.177     -654.528     -654.545     -657.253     -651.878     -659.295   
  -660.564     -655.578     -659.438     -656.036     -658.457     -658.862     -653.082   
  -656.965     -660.488     -660.929     -656.770     -654.103     -660.066     -660.066   
  -661.874     -661.979     -658.967     -658.262     -660.682     -655.713     -661.270   
  -663.365     -660.017     -663.155     -659.754     -662.174     -662.292     -656.917   
  -661.403     -665.052     -664.359     -660.606     -658.226     -663.378     -663.901   
  -666.438     -665.409     -663.406     -662.097     -664.518     -659.835     -664.582   
  -667.018     -664.610     -666.479     -663.589     -666.990     -666.127     -660.885   
  -665.996     -668.376     -668.194     -664.574     -662.195     -668.194     -667.736   
  -669.763     -669.244     -667.998     -666.066     -668.486     -663.804     -669.398   
  -670.630     -669.048     -670.959     -667.557     -669.978     -670.096     -665.008   
  -670.435     -672.856     -672.163     -668.697     -666.317     -671.182     -671.705   
  -674.060     -673.772     -671.456     -670.189     -673.302     -667.521     -673.079   
  -674.976     -673.066     -674.101     -671.680     -674.794     -674.506     -669.418   
  -674.675     -675.305     -676.062     -673.107     -671.826     -676.403     -675.556   
  -676.508     -677.672     -675.697     -674.599     -677.271     -673.030     -678.300   
  -679.281     -676.901     -678.000     -676.091     -679.897     -678.880     -674.080   
  -678.510     -679.204     -680.473     -677.582     -676.488     -681.507     -679.930   
  -680.814     -681.677     -680.002     -679.074     -682.338     -678.098     -682.557   
  -683.063     -681.052     -682.816     -680.566     -682.986     -683.947     -679.301   
  -682.438     -684.713     -684.778     -682.057     -680.611     -684.190     -685.557   
  -685.917     -686.387     -683.460     -683.549     -686.662     -681.815     -686.087   
  -687.997     -684.664     -687.409     -685.041     -688.495     -688.272     -682.865   
  -686.050     -688.459     -689.933     -686.532     -683.886     -690.104     -689.476   
  -689.845     -690.983     -688.052     -688.024     -690.444     -685.496     -691.308   
  -692.369     -689.102     -691.847     -689.515     -691.936     -692.054     -686.700   
  -690.306     -693.457     -693.391     -690.389     -688.414     -693.140     -693.951   
  -694.843     -695.288     -692.021     -691.880     -694.588     -689.618     -694.749   
  -696.675     -693.071     -696.773     -693.372     -695.771     -696.198     -690.822   
  -694.680     -697.977     -697.754     -694.511     -693.230     -697.380     -697.248   
  -699.181     -699.363     -695.702     -696.003     -698.962     -694.434     -699.277   
  -700.750     -697.599     -700.608     -697.495     -700.203     -700.166     -696.044   
  -698.803     -702.218     -701.407     -698.986     -697.759     -701.407     -702.063   
  -703.604     -703.304     -700.518     -700.478     -703.186     -698.963     -703.016   
  -704.913     -701.722     -704.860     -701.970     -705.424     -704.795     -700.012   
  -702.926     -706.469     -705.882     -703.461     -701.727     -706.628     -706.693   
  -707.673     -707.491     -703.947     -704.953     -708.066     -702.931     -708.525   
  -709.100     -705.151     -709.165     -706.445     -710.251     -709.676     -703.981   
  -706.538     -711.062     -710.815     -707.670     -705.290     -711.455     -711.285   
  -712.266     -712.425     -707.559     -709.162     -712.275     -706.494     -713.352   
  -713.811     -708.609     -714.054     -710.653     -713.074     -713.884     -707.698   
  -709.995     -715.104     -715.546     -711.387     -708.720     -714.683     -715.088   
  -716.714     -716.750     -711.487     -712.879     -716.685     -710.329     -715.733   
  -718.136     -713.384     -717.484     -714.370     -717.042     -717.889     -711.939   
  -714.994     -718.688     -718.752     -715.628     -714.347     -718.652     -718.939   
  -719.892     -720.362     -716.015     -717.119     -720.233     -715.551     -720.549   
  -721.748     -717.912     -721.607     -718.611     -721.319     -721.437     -717.160   
  -719.299     -722.657     -723.504     -720.103     -718.182     -722.928     -722.641   
  -724.266     -724.708     -720.790     -721.594     -725.049     -719.791     -723.978   
  -726.317     -721.994     -725.758     -723.086     -726.386     -726.658     -720.841   
  -723.198     -727.367     -726.998     -724.530     -722.556     -727.590     -728.555   
  -728.571     -728.607     -724.220     -726.022     -729.135     -723.760     -729.487   
  -729.811     -725.829     -729.593     -727.513     -730.627     -730.339     -725.657   
  -727.216     -730.642     -731.814     -729.005     -726.679     -732.236     -731.543   
  -732.029     -732.864     -729.218     -730.497     -732.565     -728.288     -733.440   
  -734.250     -730.268     -734.031     -731.988     -734.409     -734.174     -729.492   
  -731.472     -735.641     -735.272     -733.181     -731.207     -735.613     -736.071   
  -737.027     -736.321     -733.474     -734.673     -737.093     -732.816     -736.817   
  -737.931     -734.678     -738.519     -736.164     -739.224     -738.702     -733.866   
  -736.288     -739.723     -739.423     -737.555     -736.274     -740.834     -739.752   
  -741.332     -740.627     -737.779     -739.047     -742.160     -737.883     -741.884   
  -742.236     -738.983     -742.824     -740.538     -744.292     -743.770     -738.933   
  -740.370     -744.721     -743.951     -742.030     -740.243     -745.496     -745.379   
  -746.107     -745.848     -742.084     -743.522     -746.230     -741.447     -747.105   
  -747.234     -743.134     -748.110     -745.013     -747.434     -747.839     -742.651   
  -744.521     -749.159     -749.237     -746.339     -743.672     -749.043     -749.043   
  -750.546     -750.286     -746.523     -747.831     -750.065     -745.282     -750.247   
  -751.490     -748.133     -751.567     -749.323     -751.962     -751.269     -747.179   
  -749.336     -753.177     -752.512     -750.814     -748.894     -753.166     -753.166   
  -754.381     -754.122     -750.358     -752.306     -754.881     -750.098     -755.063   
  -755.508     -751.408     -756.383     -753.798     -756.085     -756.490     -751.301   
  -753.017     -757.587     -756.999     -754.990     -753.709     -757.694     -757.540   
  -758.791     -758.609     -754.039     -756.482     -759.255     -754.913     -759.591   
  -759.995     -755.936     -760.506     -757.974     -760.682     -760.459     -756.523   
  -757.140     -762.115     -761.017     -759.465     -758.238     -761.886     -762.356   
  -763.502     -762.914     -758.855     -760.829     -763.665     -759.442     -763.495   
  -764.300     -759.905     -765.504     -762.321     -764.517     -765.274     -760.646   
  -761.109     -767.114     -765.322     -763.812     -762.360     -765.721     -767.172   
  -768.318     -766.931     -762.130     -764.798     -768.417     -763.564     -767.618   
  -768.318     -763.180     -769.690     -766.289     -768.640     -770.027     -764.768   
  -764.384     -771.300     -769.339     -767.781     -766.483     -769.844     -771.924   
  -772.504     -770.949     -765.406     -768.073     -772.386     -767.687     -771.741   
  -772.558     -766.610     -772.455     -769.565     -773.371     -773.996     -768.737   
  -767.996     -773.505     -774.458     -771.056     -769.759     -774.981     -775.200   
  -774.891     -776.355     -769.711     -771.685     -775.256     -770.963     -776.590   
  -777.741     -771.608     -776.290     -773.177     -775.885     -776.460     -772.572   
  -772.812     -777.900     -777.089     -774.668     -774.287     -777.089     -778.357   
  -779.104     -778.698     -773.834     -776.160     -779.273     -775.491     -778.986   
  -780.308     -775.038     -780.542     -777.652     -781.394     -780.883     -776.541   
  -776.424     -782.439     -782.022     -779.143     -777.850     -782.598     -782.492   
  -783.825     -783.919     -778.139     -780.113     -783.343     -779.054     -784.207   
  -785.306     -779.189     -785.006     -781.604     -784.025     -784.952     -780.258   
  -780.798     -786.210     -785.986     -783.096     -782.666     -785.634     -786.002   
  -787.596     -787.884     -782.513     -784.487     -787.296     -783.870     -787.244   
  -789.088     -784.122     -788.399     -785.978     -788.958     -788.500     -785.767   
  -785.326     -790.008     -789.891     -787.470     -787.482     -790.162     -790.397   
  -791.395     -791.788     -787.041     -788.962     -791.670     -788.686     -791.772   
  -793.397     -788.245     -792.886     -790.453     -794.180     -793.279     -789.735   
  -789.631     -794.783     -795.059     -791.945     -791.045     -795.384     -794.889   
  -795.987     -796.668     -790.653     -793.320     -796.550     -792.249     -797.281   
  -797.872     -792.262     -797.009     -794.812     -797.925     -797.754     -794.146   
  -793.872     -798.213     -799.194     -796.303     -796.554     -799.535     -798.804   
  -799.599     -801.091     -795.587     -797.561     -800.113     -797.758     -801.144   
  -802.477     -796.636     -801.602     -799.052     -801.473     -801.723     -798.962   
  -798.023     -802.652     -803.945     -800.544     -799.983     -803.082     -802.927   
  -804.038     -805.842     -799.737     -801.712     -804.236     -801.187     -804.692   
  -807.229     -801.635     -805.753     -803.203     -805.911     -805.440     -802.797   
  -803.021     -806.802     -808.096     -804.695     -803.819     -807.521     -806.644   
  -808.006     -809.706     -804.043     -806.187     -808.359     -805.023     -809.418   
  -811.315     -805.247     -809.498     -807.678     -811.485     -809.968     -806.072   
  -806.633     -811.395     -812.283     -809.170     -807.382     -812.689     -811.578   
  -812.782     -813.333     -808.635     -810.322     -812.599     -808.991     -813.893   
  -814.719     -809.685     -814.784     -811.813     -814.234     -814.209     -810.195   
  -811.071     -815.834     -816.706     -813.305     -811.217     -815.843     -815.413   
  -817.443     -817.910     -812.563     -814.760     -817.821     -812.826     -816.893   
  -819.296     -813.613     -819.446     -816.252     -817.915     -819.430     -814.030   
  -814.817     -821.055     -820.164     -817.719     -815.745     -819.119     -821.327   
  -822.441     -822.061     -816.532     -818.506     -821.919     -816.949     -820.728   
  -823.447     -817.581     -823.399     -819.997     -821.750     -823.528     -818.153   
  -819.191     -824.603     -824.379     -821.489     -820.561     -823.359     -824.578   
  -825.989     -825.429     -821.193     -822.880     -825.401     -822.170     -824.563   
  -827.039     -822.397     -827.262     -824.371     -826.971     -827.011     -823.220   
  -823.601     -828.871     -828.060     -825.863     -824.935     -828.175     -828.908   
  -830.075     -829.670     -824.623     -827.290     -830.468     -826.139     -830.072   
  -831.056     -826.520     -831.790     -828.782     -831.381     -831.672     -827.748   
  -827.906     -832.840     -833.059     -830.274     -828.770     -832.991     -832.876   
  -834.226     -834.956     -829.621     -831.595     -834.186     -829.974     -834.600   
  -836.342     -830.671     -836.229     -833.087     -835.507     -835.795     -831.178   
  -832.057     -837.278     -837.980     -834.579     -832.200     -837.117     -836.999   
  -838.888     -839.184     -833.549     -835.746     -839.407     -833.809     -838.167   
  -840.570     -834.599     -840.639     -837.238     -839.188     -841.016     -835.013   
  -835.985     -842.536     -841.843     -838.702     -836.322     -840.392     -842.626   
  -843.740     -843.452     -837.007     -839.674     -843.307     -837.526     -842.289   
  -845.062     -838.211     -844.056     -841.166     -844.697     -844.916     -838.576   
  -839.597     -845.106     -846.058     -842.265     -839.598     -846.307     -846.120   
  -846.492     -847.956     -841.312     -843.286     -846.465     -840.802     -847.916   
  -849.342     -842.362     -848.179     -844.778     -847.198     -848.074     -842.006   
  -843.566     -849.788     -848.690     -845.695     -843.720     -848.402     -849.971   
  -851.174     -850.587     -845.280     -847.186     -849.894     -844.924     -850.011   
  -852.196     -846.484     -851.568     -848.678     -852.419     -851.504     -845.974   
  -847.688     -853.178     -852.590     -849.663     -847.689     -853.623     -853.401   
  -854.382     -854.199     -848.710     -851.155     -854.268     -848.893     -855.520   
  -855.809     -849.914     -855.537     -852.646     -856.453     -855.878     -849.943   
  -851.300     -857.434     -857.252     -853.632     -851.252     -857.657     -857.487   
  -858.638     -858.861     -852.322     -854.989     -858.237     -852.456     -859.554   
  -860.247     -853.372     -859.882     -856.481     -858.901     -859.846     -853.660   
  -854.758     -860.932     -861.374     -857.349     -854.682     -860.511     -861.050   
  -862.318     -863.271     -856.473     -858.447     -861.549     -855.886     -862.120   
  -864.880     -857.677     -862.829     -859.939     -863.745     -863.158     -856.936   
  -859.063     -863.879     -864.831     -860.624     -857.957     -865.355     -864.362   
  -865.488     -866.035     -860.555     -862.116     -865.923     -859.567     -866.404   
  -867.645     -861.759     -866.498     -863.608     -867.414     -867.532     -860.616   
  -862.963     -868.108     -867.520     -864.305     -862.331     -868.618     -869.429   
  -869.312     -869.129     -863.984     -865.797     -868.911     -863.535     -870.516   
  -870.516     -865.034     -870.690     -867.289     -869.709     -870.520     -864.739   
  -866.238     -872.299     -871.201     -868.428     -866.454     -870.913     -872.417   
  -873.909     -872.405     -867.730     -869.920     -873.726     -868.063     -871.963   
  -874.014     -868.934     -874.302     -871.411     -874.371     -875.336     -869.113   
  -870.138     -875.911     -875.036     -872.802     -870.828     -875.575     -877.233   
  -877.298     -876.933     -871.853     -873.827     -877.002     -872.032     -877.184   
  -878.319     -872.902     -878.719     -875.318     -877.739     -878.611     -873.236   
  -874.512     -879.923     -879.700     -876.810     -875.644     -879.348     -879.661   
  -881.310     -880.750     -876.514     -878.201     -880.683     -877.253     -880.552   
  -882.360     -877.718     -882.583     -879.692     -882.960     -882.292     -878.303   
  -879.105     -883.633     -884.362     -881.184     -879.325     -884.569     -883.496   
  -884.837     -885.971     -880.126     -882.676     -885.211     -880.529     -886.467   
  -887.175     -881.736     -885.858     -884.167     -887.281     -886.415     -882.426   
  -883.122     -886.908     -889.060     -885.659     -883.448     -888.890     -887.619   
  -888.294     -890.957     -884.837     -886.811     -888.928     -884.652     -890.500   
  -892.344     -885.887     -890.297     -888.302     -890.723     -890.538     -885.856   
  -887.496     -891.501     -892.685     -889.544     -888.264     -892.332     -891.588   
  -892.705     -894.294     -888.518     -891.036     -893.302     -889.468     -894.229   
  -895.903     -889.722     -894.196     -892.528     -896.334     -894.912     -890.517   
  -891.108     -896.093     -897.133     -894.019     -891.827     -897.538     -896.521   
  -897.480     -898.183     -893.110     -894.797     -897.543     -893.436     -898.742   
  -899.387     -894.720     -898.501     -896.288     -899.402     -898.747     -895.333   
  -896.106     -900.399     -900.894     -897.780     -896.643     -900.606     -900.356   
  -902.008     -902.098     -897.598     -899.272     -902.764     -898.252     -901.656   
  -903.484     -899.495     -903.723     -900.763     -902.965     -903.968     -899.861   
  -900.881     -905.620     -905.199     -902.255     -901.171     -904.169     -905.578   
  -907.006     -906.249     -902.884     -903.747     -906.167     -902.780     -905.373   
  -907.858     -904.088     -908.129     -905.238     -907.781     -907.777     -903.830   
  -905.697     -909.333     -909.350     -906.730     -906.238     -909.390     -908.826   
  -910.942     -910.554     -907.189     -908.222     -911.234     -907.847     -910.440   
  -911.940     -909.086     -912.657     -909.713     -911.750     -912.438     -909.457   
  -910.472     -914.554     -913.655     -911.205     -910.766     -912.954     -914.048   
  -916.164     -914.859     -911.964     -912.697     -916.456     -912.376     -914.003   
  -916.245     -913.861     -917.302     -914.188     -915.313     -917.660     -913.985   
  -915.470     -918.506     -917.737     -915.680     -916.393     -916.922     -918.709   
  -919.892     -918.786     -917.473     -917.172     -919.592     -918.002     -918.126   
  -920.173     -919.370     -921.607     -918.663     -919.435     -920.796     -919.612   
  -920.756     -922.657     -922.175     -920.155     -920.634     -921.045     -922.000   
  -924.266     -923.379     -922.248     -921.647     -924.408     -922.243     -922.095   
  -924.989     -923.452     -925.758     -923.138     -924.503     -926.017     -923.293   
  -924.656     -927.367     -926.010     -924.630     -925.008     -925.707     -927.914   
  -928.754     -927.060     -926.658     -926.122     -928.542     -926.617     -926.911   
  -928.670     -927.862     -930.245     -927.613     -929.319     -930.151     -927.667   
  -929.066     -931.855     -929.691     -929.105     -929.382     -930.523     -932.048   
  -933.241     -930.741     -931.069     -930.597     -933.017     -930.991     -931.726   
  -932.127     -932.119     -935.243     -932.088     -932.748     -934.626     -932.195   
  -933.323     -936.853     -933.149     -933.580     -933.910     -933.952     -936.523   
  -938.239     -935.046     -935.037     -935.071     -937.780     -935.114     -935.562   
  -936.655     -936.241     -939.454     -936.563     -937.970     -939.389     -936.164   
  -937.851     -940.657     -938.147     -938.055     -938.572     -939.579     -940.439   
  -942.044     -939.197     -939.853     -939.546     -941.460     -940.181     -940.783   
  -940.583     -940.903     -944.046     -941.038     -941.805     -943.070     -941.385   
  -942.289     -945.943     -942.298     -942.530     -942.694     -943.009     -944.679   
  -947.147     -943.907     -943.311     -944.021     -946.394     -943.898     -944.906   
  -945.111     -944.920     -947.933     -945.513     -946.620     -947.598     -945.795   
  -946.307     -948.983     -947.114     -947.005     -946.817     -948.230     -948.802   
  -950.370     -949.011     -948.022     -948.496     -950.111     -948.021     -949.839   
  -950.621     -949.226     -951.861     -949.988     -952.247     -951.721     -949.071   
  -950.612     -952.911     -952.623     -951.480     -950.093     -953.857     -952.925   
  -954.520     -953.827     -952.103     -952.971     -955.333     -951.702     -954.907   
  -955.213     -953.153     -956.523     -954.463     -955.928     -956.942     -952.906   
  -954.540     -958.420     -956.928     -955.955     -954.215     -957.132     -958.552   
  -959.806     -958.825     -956.254     -957.446     -959.861     -955.419     -958.742   
  -960.211     -958.152     -961.521     -958.938     -960.051     -961.065     -957.029   
  -959.538     -963.418     -961.926     -960.430     -958.338     -961.255     -962.674   
  -964.805     -963.823     -961.253     -961.921     -963.984     -959.542     -962.864   
  -965.433     -962.457     -966.296     -963.413     -965.272     -965.593     -960.592   
  -963.843     -967.346     -967.435     -964.281     -961.613     -966.882     -966.797   
  -968.955     -968.639     -965.335     -965.772     -969.205     -963.223     -967.932   
  -970.249     -966.539     -970.154     -967.264     -970.339     -970.814     -964.273   
  -967.925     -972.051     -971.869     -967.962     -965.582     -971.543     -972.424   
  -973.255     -973.479     -968.946     -969.453     -972.567     -966.786     -973.441   
  -975.088     -970.150     -973.835     -970.945     -974.752     -974.176     -967.836   
  -971.537     -975.732     -975.550     -971.525     -969.145     -975.956     -975.786   
  -977.119     -976.600     -973.539     -973.016     -975.437     -970.755     -977.160   
  -977.804     -975.149     -976.928     -974.508     -977.622     -976.641     -972.652   
  -976.535     -978.826     -979.113     -976.000     -973.961     -978.826     -978.250   
  -980.212     -980.163     -978.537     -977.491     -979.272     -975.571     -980.030   
  -981.549     -980.435     -981.927     -978.983     -981.339     -980.476     -977.180   
  -981.821     -982.976     -983.552     -980.475     -978.202     -982.948     -981.680   
  -984.180     -985.161     -982.842     -981.966     -983.395     -979.406     -984.845   
  -986.548     -983.892     -986.183     -983.458     -985.867     -985.004     -980.610   
  -985.279     -987.233     -988.351     -984.298     -981.631     -987.476     -986.208   
  -988.437     -989.960     -986.300     -985.790     -987.923     -982.835     -989.374   
  -991.347     -987.350     -990.439     -987.282     -989.702     -989.532     -984.039   
  -988.736     -992.336     -991.887     -987.728     -985.348     -990.906     -991.142   
  -993.540     -993.496     -989.758     -989.220     -992.333     -986.552     -992.803   
  -995.106     -990.962     -993.602     -990.711     -994.518     -993.943     -987.602   
  -992.348     -995.499     -995.317     -991.291     -988.912     -995.722     -995.552   
  -996.885     -996.366     -994.351     -992.783     -995.203     -990.521     -996.926   
  -997.753     -995.401     -997.676     -994.274     -996.695     -996.813     -991.725   
  -996.605     -999.285     -998.186     -995.414     -993.440     -997.899     -998.710   
 -1000.489     -999.796     -997.626     -996.906    -1000.019     -994.644     -999.796   
 -1001.182     -999.523    -1001.511     -998.397    -1001.105    -1001.223     -996.253   
 -1000.910    -1002.561    -1003.185     -999.889     -997.275    -1002.715    -1002.427   
 -1003.947    -1004.235    -1002.912    -1001.381    -1003.449     -998.884    -1003.919   
 -1005.438    -1004.522    -1004.968    -1002.872    -1005.633    -1004.653    -1000.781   
 -1005.908    -1006.018    -1007.441    -1004.364    -1001.803    -1007.243    -1005.857   
 -1007.405    -1009.338    -1007.623    -1005.855    -1007.166    -1003.007    -1008.852   
 -1010.724    -1008.672    -1009.407    -1007.347    -1009.768    -1008.775    -1004.211   
 -1010.282    -1010.611    -1011.729    -1007.900    -1006.619    -1011.377    -1009.825   
 -1011.997    -1013.626    -1011.997    -1009.392    -1011.135    -1007.823    -1012.986   
 -1014.830    -1013.606    -1013.019    -1010.883    -1013.997    -1012.339    -1009.720   
 -1014.810    -1014.628    -1014.795    -1012.375    -1011.435    -1015.201    -1014.236   
 -1016.238    -1015.999    -1016.302    -1013.867    -1016.644    -1013.044    -1016.251   
 -1017.386    -1017.352    -1018.240    -1015.358    -1017.272    -1018.253    -1014.248   
 -1018.738    -1020.137    -1019.100    -1016.850    -1015.558    -1018.476    -1019.862   
 -1021.524    -1020.997    -1020.453    -1018.341    -1021.050    -1016.762    -1020.086   
 -1022.384    -1022.350    -1022.947    -1019.833    -1021.395    -1022.254    -1018.371   
 -1023.736    -1023.996    -1024.386    -1021.325    -1019.393    -1023.004    -1023.457   
 -1025.200    -1025.996    -1024.758    -1022.816    -1025.172    -1020.597    -1024.901   
 -1027.382    -1026.655    -1026.915    -1024.308    -1026.211    -1026.376    -1022.206   
 -1028.041    -1027.965    -1029.201    -1025.800    -1023.228    -1027.820    -1027.580   
 -1029.351    -1030.251    -1030.044    -1027.291    -1028.602    -1024.837    -1029.024   
 -1031.455    -1031.653    -1030.373    -1028.783    -1030.739    -1029.806    -1026.734   
 -1033.039    -1032.270    -1033.170    -1030.275    -1028.044    -1031.943    -1031.415   
 -1033.656    -1034.219    -1035.042    -1031.766    -1032.437    -1029.653    -1033.147   
 -1035.423    -1036.651    -1034.678    -1033.258    -1034.862    -1033.641    -1031.550   
 -1038.038    -1036.575    -1037.138    -1034.750    -1032.860    -1036.066    -1035.250   
 -1037.962    -1039.035    -1039.355    -1036.241    -1036.560    -1034.063    -1037.675   
 -1040.239    -1040.964    -1038.983    -1037.733    -1039.390    -1037.764    -1035.961   
 -1042.574    -1040.187    -1041.731    -1039.225    -1038.369    -1040.999    -1038.813   
 -1041.573    -1042.781    -1044.118    -1040.716    -1039.835    -1039.978    -1042.203   
 -1044.167    -1046.015    -1043.288    -1042.208    -1043.513    -1041.039    -1041.587   
 -1047.624    -1044.492    -1045.659    -1043.700    -1043.995    -1045.122    -1042.089   
 -1046.102    -1046.863    -1048.082    -1045.191    -1044.497    -1045.605    -1046.172   
 -1048.067    -1049.691    -1047.123    -1046.683    -1047.887    -1045.701    -1047.502   
 -1051.077    -1048.173    -1050.069    -1048.175    -1048.524    -1049.496    -1046.905   
 -1049.377    -1051.679    -1052.087    -1049.666    -1048.620    -1049.728    -1051.393   
 -1053.065    -1053.984    -1051.092    -1051.158    -1052.703    -1049.824    -1051.337   
 -1055.593    -1052.296    -1054.556    -1052.650    -1053.745    -1054.312    -1050.873   
 -1053.682    -1055.606    -1057.542    -1054.141    -1051.895    -1055.354    -1055.516   
 -1056.993    -1059.440    -1055.397    -1055.633    -1056.825    -1053.099    -1056.964   
 -1060.644    -1057.006    -1058.014    -1057.125    -1058.679    -1058.029    -1054.996   
 -1058.393    -1059.911    -1061.730    -1058.616    -1056.305    -1059.883    -1059.639   
 -1061.298    -1062.780    -1060.395    -1060.108    -1060.660    -1057.915    -1061.087   
 -1064.166    -1061.445    -1063.300    -1061.599    -1062.108    -1062.270    -1059.119   
 -1062.831    -1064.350    -1066.168    -1062.808    -1060.141    -1063.718    -1063.474   
 -1065.554    -1067.778    -1063.853    -1064.299    -1065.189    -1061.345    -1065.615   
 -1069.164    -1064.903    -1067.556    -1065.791    -1066.636    -1066.798    -1062.549   
 -1066.289    -1069.454    -1070.396    -1066.237    -1063.858    -1067.840    -1068.408   
 -1070.840    -1072.293    -1068.004    -1067.729    -1069.717    -1065.062    -1069.450   
 -1073.680    -1069.054    -1072.622    -1069.221    -1070.471    -1071.326    -1066.266   
 -1070.258    -1074.231    -1073.133    -1069.955    -1067.981    -1071.675    -1073.223   
 -1075.435    -1074.742    -1071.279    -1071.446    -1074.560    -1069.185    -1073.573   
 -1076.352    -1072.483    -1075.828    -1072.938    -1075.981    -1076.169    -1070.234   
 -1073.870    -1077.725    -1077.543    -1073.923    -1071.544    -1077.184    -1077.779   
 -1079.112    -1078.593    -1075.872    -1075.415    -1077.835    -1073.153    -1078.388   
 -1079.979    -1077.769    -1080.020    -1076.907    -1079.615    -1079.039    -1074.763   
 -1078.973    -1081.630    -1080.819    -1078.398    -1076.477    -1080.819    -1080.936   
 -1083.016    -1082.716    -1080.688    -1079.890    -1082.246    -1077.681    -1082.428   
 -1084.102    -1081.738    -1084.783    -1081.382    -1083.450    -1083.855    -1078.885   
 -1083.124    -1085.833    -1086.104    -1082.574    -1079.907    -1085.059    -1085.059   
 -1087.219    -1088.002    -1084.839    -1084.066    -1086.368    -1081.111    -1086.669   
 -1089.611    -1086.043    -1088.448    -1085.558    -1089.076    -1087.978    -1082.161   
 -1087.429    -1089.498    -1090.450    -1085.850    -1083.182    -1090.686    -1089.182   
 -1090.702    -1092.060    -1088.451    -1087.341    -1090.455    -1084.386    -1092.583   
 -1093.446    -1089.501    -1092.234    -1088.833    -1091.253    -1092.064    -1085.590   
 -1090.887    -1094.131    -1093.438    -1089.279    -1086.900    -1092.457    -1093.674   
 -1095.741    -1094.642    -1092.379    -1090.771    -1094.578    -1088.509    -1093.507   
 -1096.252    -1093.583    -1095.153    -1092.263    -1095.915    -1096.187    -1089.559   
 -1094.969    -1097.050    -1096.868    -1093.248    -1090.868    -1097.119    -1097.796   
 -1098.436    -1097.918    -1096.971    -1094.739    -1097.160    -1092.478    -1098.323   
 -1099.304    -1098.021    -1099.632    -1096.231    -1098.652    -1098.769    -1093.682   
 -1099.407    -1101.529    -1100.836    -1097.371    -1094.991    -1099.855    -1100.379   
 -1102.733    -1102.446    -1100.429    -1098.862    -1101.976    -1096.195    -1101.753   
 -1103.650    -1102.038    -1102.774    -1100.354    -1103.467    -1103.180    -1098.092   
 -1103.648    -1103.978    -1104.736    -1101.781    -1100.500    -1105.077    -1104.230   
 -1105.182    -1106.345    -1104.670    -1103.273    -1105.944    -1101.704    -1106.974   
 -1107.955    -1105.874    -1106.674    -1104.764    -1108.571    -1107.554    -1102.754   
 -1107.260    -1108.571    -1109.369    -1106.256    -1104.063    -1109.775    -1109.163   
 -1109.957    -1110.419    -1109.262    -1107.748    -1110.168    -1105.673    -1110.979   
 -1111.623    -1110.872    -1110.979    -1109.239    -1112.353    -1111.372    -1107.570   
 -1112.258    -1112.029    -1113.626    -1110.731    -1108.591    -1113.962    -1112.576   
 -1113.638    -1114.830    -1113.750    -1112.223    -1114.984    -1110.201    -1115.012   
 -1116.216    -1115.647    -1115.353    -1113.714    -1116.321    -1116.188    -1111.810   
 -1117.033    -1116.403    -1118.219    -1115.206    -1112.832    -1117.931    -1117.392   
 -1117.789    -1120.116    -1118.748    -1116.698    -1118.701    -1114.036    -1119.540   
 -1121.502    -1120.645    -1119.504    -1118.189    -1120.850    -1119.905    -1115.645   
 -1122.031    -1121.401    -1122.794    -1119.334    -1116.955    -1122.054    -1121.515   
 -1122.605    -1124.404    -1123.053    -1120.826    -1123.229    -1118.159    -1123.951   
 -1125.790    -1124.103    -1124.607    -1122.318    -1124.738    -1124.839    -1119.363   
 -1125.712    -1125.811    -1126.700    -1123.052    -1121.771    -1126.347    -1125.889   
 -1127.015    -1128.309    -1126.734    -1124.543    -1127.603    -1122.975    -1128.244   
 -1129.695    -1127.784    -1129.018    -1126.035    -1128.455    -1129.213    -1124.179   
 -1129.170    -1130.915    -1130.640    -1127.526    -1125.488    -1129.659    -1130.822   
 -1132.301    -1132.537    -1130.885    -1129.018    -1131.726    -1126.692    -1131.269   
 -1133.741    -1132.494    -1132.930    -1130.510    -1132.983    -1132.930    -1128.589   
 -1133.881    -1133.980    -1135.403    -1132.001    -1129.611    -1134.593    -1134.134   
 -1135.366    -1137.300    -1135.595    -1133.493    -1135.443    -1130.815    -1136.202   
 -1138.686    -1136.645    -1137.369    -1134.985    -1137.224    -1137.053    -1132.019   
 -1137.849    -1138.978    -1138.897    -1135.707    -1133.733    -1138.428    -1138.950   
 -1140.364    -1140.794    -1139.564    -1137.199    -1139.907    -1134.937    -1140.037   
 -1142.180    -1141.461    -1141.804    -1138.691    -1141.347    -1141.111    -1136.547   
 -1142.847    -1143.701    -1143.296    -1140.182    -1137.856    -1142.551    -1142.721   
 -1145.088    -1144.346    -1144.850    -1141.674    -1143.742    -1139.466    -1143.755   
 -1145.732    -1145.900    -1146.567    -1143.166    -1144.776    -1145.352    -1140.670   
 -1147.286    -1148.464    -1147.447    -1144.358    -1141.979    -1145.980    -1146.961   
 -1149.850    -1148.497    -1149.251    -1145.850    -1147.983    -1143.588    -1147.184   
 -1149.883    -1150.301    -1150.743    -1147.342    -1148.206    -1149.592    -1144.792   
 -1151.505    -1152.352    -1150.905    -1148.481    -1146.507    -1149.410    -1151.489   
 -1153.556    -1152.514    -1152.393    -1149.973    -1153.086    -1147.711    -1151.307   
 -1153.900    -1153.443    -1154.866    -1151.464    -1152.329    -1154.696    -1148.915   
 -1154.829    -1155.915    -1155.903    -1152.604    -1149.937    -1153.938    -1155.900   
 -1157.119    -1157.512    -1155.851    -1154.096    -1157.209    -1151.141    -1155.835   
 -1159.122    -1157.055    -1158.478    -1155.587    -1158.243    -1158.818    -1152.190   
 -1158.441    -1159.527    -1160.480    -1155.879    -1153.212    -1159.853    -1160.022   
 -1161.137    -1161.684    -1159.933    -1157.371    -1161.178    -1154.822    -1160.902   
 -1163.070    -1161.830    -1161.976    -1158.863    -1161.571    -1162.382    -1156.431   
 -1163.216    -1163.873    -1163.468    -1160.120    -1157.740    -1162.775    -1163.991   
 -1165.483    -1164.672    -1164.502    -1161.611    -1165.418    -1159.350    -1163.824   
 -1166.281    -1165.706    -1165.994    -1163.103    -1166.232    -1167.028    -1160.400   
 -1167.092    -1167.891    -1167.708    -1164.088    -1161.709    -1167.436    -1168.637   
 -1169.095    -1169.318    -1168.000    -1165.580    -1168.694    -1162.913    -1169.334   
 -1170.704    -1169.050    -1170.473    -1167.072    -1169.492    -1170.303    -1164.117   
 -1170.437    -1172.370    -1171.677    -1167.806    -1165.426    -1170.696    -1171.912   
 -1173.574    -1173.286    -1171.458    -1169.297    -1172.411    -1166.630    -1172.593   
 -1174.896    -1172.662    -1173.679    -1170.789    -1174.596    -1174.020    -1167.680   
 -1173.866    -1175.289    -1174.701    -1171.369    -1169.395    -1175.800    -1175.917   
 -1176.675    -1176.598    -1175.581    -1172.860    -1175.569    -1170.599    -1177.409   
 -1177.984    -1176.631    -1177.753    -1174.352    -1176.773    -1177.178    -1171.803   
 -1178.017    -1178.803    -1179.245    -1175.492    -1172.824    -1178.382    -1178.382   
 -1180.007    -1180.854    -1179.039    -1176.983    -1180.097    -1174.028    -1180.279   
 -1182.058    -1180.648    -1180.895    -1178.475    -1181.588    -1181.301    -1175.925   
 -1181.852    -1182.505    -1182.387    -1179.614    -1177.640    -1182.792    -1183.198   
 -1183.891    -1183.437    -1183.855    -1181.106    -1183.526    -1179.250    -1183.996   
 -1184.641    -1185.464    -1184.913    -1182.598    -1185.711    -1184.730    -1181.147   
 -1186.850    -1185.962    -1186.643    -1184.089    -1182.168    -1187.321    -1185.934   
 -1187.349    -1188.540    -1188.565    -1185.581    -1187.244    -1183.372    -1188.930   
 -1189.927    -1190.462    -1189.064    -1187.073    -1189.781    -1188.448    -1184.982   
 -1192.072    -1190.268    -1191.418    -1188.564    -1187.390    -1191.390    -1189.497   
 -1191.654    -1192.468    -1193.457    -1190.056    -1190.519    -1188.999    -1192.594   
 -1193.854    -1194.507    -1193.656    -1191.548    -1193.616    -1192.129    -1190.203   
 -1195.711    -1195.266    -1194.876    -1193.039    -1191.918    -1194.820    -1194.026   
 -1196.652    -1196.773    -1197.426    -1194.531    -1195.335    -1193.122    -1196.429   
 -1197.977    -1199.035    -1197.674    -1196.023    -1198.144    -1196.539    -1195.019   
 -1200.421    -1199.571    -1199.692    -1197.514    -1196.328    -1199.348    -1198.148   
 -1200.957    -1201.589    -1202.119    -1199.006    -1199.458    -1197.532    -1200.957   
 -1203.198    -1203.323    -1202.449    -1200.497    -1203.365    -1201.067    -1198.582   
 -1204.710    -1204.346    -1204.913    -1201.989    -1199.892    -1204.569    -1202.677   
 -1205.732    -1205.963    -1206.712    -1203.481    -1203.698    -1201.501    -1205.773   
 -1207.349    -1207.762    -1207.735    -1204.972    -1206.795    -1205.308    -1202.705   
 -1209.148    -1208.784    -1209.352    -1206.394    -1203.727    -1208.404    -1206.512   
 -1210.171    -1210.402    -1211.151    -1207.886    -1207.533    -1205.336    -1209.608   
 -1211.606    -1212.760    -1211.192    -1209.377    -1211.323    -1208.737    -1207.233   
 -1214.370    -1212.396    -1213.097    -1210.869    -1209.641    -1212.933    -1209.787   
 -1213.783    -1214.147    -1215.762    -1212.360    -1210.809    -1211.251    -1214.137   
 -1215.757    -1216.966    -1215.274    -1213.852    -1216.544    -1212.418    -1212.300   
 -1218.352    -1216.324    -1217.759    -1215.344    -1213.322    -1218.154    -1213.622   
 -1217.710    -1219.656    -1219.949    -1216.835    -1214.931    -1214.526    -1219.763   
 -1221.042    -1221.846    -1219.425    -1218.327    -1221.035    -1216.135    -1216.135   
 -1223.456    -1220.629    -1222.534    -1219.819    -1218.543    -1222.645    -1217.185   
 -1222.239    -1223.738    -1224.201    -1220.874    -1219.593    -1220.153    -1223.694   
 -1224.942    -1225.810    -1223.260    -1222.366    -1225.409    -1220.797    -1222.050   
 -1227.420    -1224.464    -1226.434    -1223.857    -1224.458    -1227.019    -1221.847   
 -1226.074    -1227.638    -1228.240    -1225.349    -1224.255    -1226.067    -1228.068   
 -1229.247    -1229.443    -1227.565    -1226.841    -1230.476    -1225.864    -1227.117   
 -1230.830    -1229.463    -1230.962    -1228.332    -1228.427    -1231.680    -1227.474   
 -1230.849    -1232.859    -1232.545    -1229.824    -1228.783    -1229.630    -1233.290   
 -1234.063    -1234.154    -1231.870    -1231.316    -1234.429    -1229.987    -1231.528   
 -1235.763    -1233.074    -1235.555    -1232.807    -1233.936    -1236.039    -1231.037   
 -1234.461    -1236.605    -1237.700    -1234.299    -1232.059    -1235.545    -1237.243   
 -1237.991    -1239.597    -1236.176    -1235.791    -1238.499    -1233.263    -1237.154   
 -1241.207    -1237.379    -1239.482    -1237.282    -1239.562    -1240.108    -1234.312   
 -1238.583    -1241.092    -1241.194    -1238.001    -1236.027    -1240.766    -1242.005   
 -1242.296    -1242.804    -1239.605    -1239.493    -1242.606    -1237.231    -1242.663   
 -1244.413    -1240.809    -1243.788    -1240.985    -1244.791    -1244.216    -1238.281   
 -1242.419    -1244.992    -1245.367    -1241.970    -1240.689    -1246.401    -1245.266   
 -1246.601    -1246.571    -1243.910    -1243.462    -1247.268    -1242.298    -1247.451   
 -1248.180    -1245.114    -1247.844    -1244.953    -1248.760    -1248.878    -1243.348   
 -1246.724    -1249.048    -1249.335    -1246.445    -1245.756    -1250.369    -1249.927   
 -1250.434    -1251.232    -1248.438    -1247.937    -1250.645    -1246.960    -1251.979   
 -1252.842    -1249.642    -1251.926    -1249.428    -1253.235    -1252.254    -1248.010   
 -1251.029    -1253.823    -1254.033    -1250.920    -1249.319    -1254.439    -1253.863   
 -1255.027    -1255.643    -1252.050    -1252.411    -1255.525    -1250.523    -1256.336   
 -1256.847    -1253.660    -1256.048    -1253.903    -1257.017    -1256.729    -1252.420   
 -1255.046    -1257.945    -1258.508    -1255.395    -1253.730    -1258.221    -1258.338   
 -1259.149    -1260.118    -1256.068    -1256.886    -1260.000    -1254.934    -1260.118   
 -1261.322    -1257.677    -1260.171    -1258.378    -1261.492    -1261.204    -1256.831   
 -1259.063    -1261.221    -1263.271    -1259.870    -1257.852    -1263.101    -1262.408   
 -1262.425    -1264.880    -1260.085    -1261.361    -1264.123    -1259.056    -1264.998   
 -1266.267    -1261.135    -1264.427    -1262.853    -1265.273    -1265.732    -1260.260   
 -1262.744    -1265.631    -1267.235    -1263.949    -1262.668    -1266.883    -1266.782   
 -1267.018    -1269.132    -1264.459    -1265.441    -1268.091    -1263.872    -1268.492   
 -1270.519    -1265.509    -1269.020    -1266.933    -1269.353    -1269.701    -1265.076   
 -1266.713    -1270.629    -1270.845    -1268.424    -1266.791    -1270.557    -1271.598   
 -1271.833    -1272.454    -1267.735    -1269.916    -1273.029    -1267.995    -1272.454   
 -1273.658    -1269.344    -1272.855    -1271.408    -1274.169    -1274.233    -1269.892   
 -1270.730    -1273.905    -1275.661    -1272.899    -1270.914    -1275.778    -1275.437   
 -1275.291    -1277.558    -1272.445    -1274.391    -1276.747    -1272.118    -1277.388   
 -1278.944    -1273.495    -1277.294    -1275.883    -1278.303    -1278.356    -1273.322   
 -1274.699    -1278.903    -1279.795    -1277.011    -1275.037    -1279.507    -1280.253   
 -1280.107    -1281.404    -1275.721    -1278.388    -1281.616    -1276.241    -1281.404   
 -1282.790    -1277.618    -1281.822    -1279.879    -1282.587    -1282.820    -1277.850   
 -1279.227    -1283.026    -1284.261    -1281.371    -1280.258    -1284.197    -1283.870   
 -1284.412    -1286.159    -1280.942    -1282.863    -1285.179    -1281.462    -1285.806   
 -1287.545    -1282.839    -1286.127    -1284.354    -1287.062    -1286.383    -1283.071   
 -1284.225    -1287.177    -1289.247    -1285.846    -1284.093    -1288.672    -1287.587   
 -1288.786    -1290.451    -1285.717    -1287.338    -1289.995    -1285.702    -1289.722   
 -1292.061    -1286.921    -1290.278    -1288.829    -1292.130    -1291.604    -1286.752   
 -1288.530    -1291.482    -1293.211    -1290.321    -1289.160    -1293.739    -1292.654   
 -1292.868    -1294.261    -1290.533    -1291.813    -1293.676    -1290.770    -1294.943   
 -1295.648    -1291.583    -1294.871    -1293.304    -1295.725    -1295.285    -1291.974   
 -1292.787    -1296.480    -1296.669    -1294.796    -1293.688    -1296.929    -1297.182   
 -1297.866    -1298.566    -1294.501    -1296.288    -1298.492    -1294.892    -1298.538   
 -1299.770    -1296.111    -1298.888    -1297.779    -1300.253    -1299.696    -1296.790   
 -1297.497    -1299.938    -1301.773    -1299.271    -1297.811    -1301.862    -1300.900   
 -1301.547    -1302.977    -1298.989    -1300.763    -1303.308    -1299.421    -1302.912   
 -1304.586    -1300.193    -1303.039    -1302.254    -1305.320    -1304.917    -1300.470   
 -1301.802    -1304.243    -1306.078    -1303.746    -1302.878    -1306.930    -1305.967   
 -1305.447    -1307.687    -1302.824    -1305.238    -1307.682    -1304.082    -1308.827   
 -1309.074    -1303.874    -1307.449    -1306.729    -1309.150    -1309.291    -1305.286   
 -1305.260    -1309.346    -1310.788    -1308.221    -1306.596    -1310.354    -1310.900   
 -1310.550    -1312.398    -1306.282    -1308.949    -1312.615    -1307.800    -1312.251   
 -1313.784    -1307.332    -1312.553    -1310.441    -1312.861    -1314.225    -1309.004   
 -1308.941    -1313.757    -1314.823    -1311.932    -1311.412    -1314.470    -1315.275   
 -1314.961    -1316.432    -1309.963    -1312.630    -1316.537    -1312.616    -1316.367   
 -1318.041    -1311.167    -1316.453    -1314.121    -1317.928    -1318.147    -1313.665   
 -1312.553    -1318.350    -1318.727    -1315.613    -1314.975    -1319.132    -1319.756   
 -1319.959    -1319.931    -1314.045    -1316.242    -1320.911    -1316.584    -1320.182   
 -1321.317    -1315.942    -1320.847    -1317.733    -1320.441    -1322.115    -1318.194   
 -1317.328    -1321.897    -1322.626    -1319.225    -1319.215    -1322.051    -1323.319   
 -1323.283    -1323.676    -1319.330    -1320.717    -1323.137    -1320.825    -1323.255   
 -1324.880    -1320.940    -1324.305    -1322.208    -1324.970    -1324.341    -1322.722   
 -1322.549    -1325.509    -1326.372    -1323.700    -1325.130    -1326.579    -1325.391   
 -1326.895    -1327.422    -1324.552    -1325.192    -1326.413    -1326.739    -1327.783   
 -1328.625    -1326.161    -1327.917    -1326.683    -1329.498    -1327.616    -1328.636   
 -1327.771    -1329.121    -1330.117    -1328.175    -1331.044    -1331.107    -1328.666   
 -1330.730    -1331.321    -1329.262    -1329.667    -1331.074    -1332.654    -1332.157   
 -1332.931    -1330.466    -1332.222    -1331.158    -1334.565    -1332.684    -1333.703   
 -1331.670    -1333.831    -1333.952    -1332.650    -1335.418    -1335.769    -1334.581   
 -1335.035    -1335.562    -1332.692    -1334.142    -1336.296    -1336.622    -1337.666   
 -1336.948    -1334.589    -1336.750    -1335.633    -1338.341    -1337.500    -1338.232   
 -1335.975    -1338.647    -1338.663    -1337.125    -1339.541    -1339.545    -1339.109   
 -1340.033    -1339.713    -1337.978    -1338.617    -1340.131    -1341.150    -1340.749   
 -1341.322    -1339.182    -1341.525    -1340.108    -1343.157    -1341.740    -1342.200   
 -1340.386    -1343.134    -1342.344    -1341.600    -1343.915    -1344.361    -1343.637   
 -1344.521    -1343.393    -1342.388    -1343.092    -1344.659    -1345.525    -1345.565   
 -1344.780    -1344.285    -1346.235    -1344.583    -1346.874    -1345.863    -1347.134   
 -1345.489    -1347.845    -1345.801    -1346.075    -1348.849    -1348.078    -1347.760   
 -1349.231    -1346.851    -1347.492    -1347.566    -1348.782    -1350.458    -1349.282   
 -1348.238    -1348.542    -1351.234    -1349.058    -1350.304    -1350.391    -1351.662   
 -1349.928    -1352.284    -1350.240    -1350.550    -1352.684    -1351.914    -1351.595   
 -1353.670    -1352.137    -1351.643    -1352.041    -1352.904    -1353.888    -1353.523   
 -1353.523    -1353.540    -1355.385    -1353.533    -1354.832    -1354.108    -1355.497   
 -1354.926    -1356.434    -1355.526    -1355.025    -1356.519    -1356.442    -1355.312   
 -1358.044    -1356.730    -1356.418    -1356.516    -1357.720    -1358.128    -1357.492   
 -1358.339    -1357.622    -1359.536    -1358.008    -1359.899    -1359.330    -1359.178   
 -1359.231    -1360.739    -1359.831    -1359.500    -1361.586    -1361.509    -1360.380   
 -1362.349    -1361.035    -1360.723    -1360.991    -1362.787    -1363.196    -1362.559   
 -1362.239    -1362.332    -1363.371    -1362.483    -1364.274    -1363.991    -1365.093   
 -1363.536    -1364.980    -1363.261    -1363.975    -1366.807    -1365.478    -1365.889   
 -1366.366    -1365.158    -1365.251    -1365.466    -1367.198    -1368.011    -1367.087   
 -1366.362    -1366.860    -1367.388    -1366.958    -1368.802    -1368.402    -1369.909   
 -1368.247    -1368.438    -1368.364    -1368.450    -1370.870    -1370.411    -1369.606   
 -1369.824    -1369.414    -1370.249    -1369.941    -1370.628    -1372.479    -1371.615   
 -1370.800    -1371.299    -1371.827    -1371.433    -1372.637    -1372.237    -1373.683   
 -1372.685    -1372.876    -1372.803    -1372.925    -1374.705    -1374.246    -1373.441   
 -1374.263    -1373.853    -1374.688    -1374.416    -1374.463    -1376.315    -1375.450   
 -1375.057    -1376.297    -1375.284    -1375.908    -1377.165    -1375.667    -1378.212   
 -1377.684    -1376.334    -1377.059    -1377.400    -1379.233    -1378.774    -1376.871   
 -1377.720    -1378.109    -1379.686    -1378.891    -1377.892    -1380.843    -1379.978   
 -1379.313    -1381.296    -1378.742    -1380.383    -1381.693    -1379.096    -1382.740   
 -1382.682    -1379.792    -1381.315    -1381.875    -1383.762    -1383.303    -1380.300   
 -1381.401    -1382.519    -1384.173    -1383.366    -1382.708    -1385.371    -1384.352   
 -1383.723    -1385.783    -1382.423    -1384.858    -1386.067    -1383.912    -1387.268   
 -1386.987    -1384.032    -1384.745    -1386.350    -1388.983    -1387.271    -1385.809   
 -1385.236    -1386.354    -1388.009    -1387.841    -1387.524    -1390.187    -1389.168   
 -1387.964    -1389.212    -1386.728    -1388.925    -1391.576    -1389.133    -1391.237   
 -1390.416    -1388.338    -1388.985    -1390.417    -1392.951    -1392.780    -1391.030   
 -1389.724    -1390.883    -1392.131    -1391.909    -1392.340    -1394.155    -1394.390   
 -1392.087    -1393.741    -1390.745    -1393.400    -1396.105    -1393.544    -1396.053   
 -1395.127    -1392.643    -1393.801    -1394.892    -1397.362    -1397.309    -1395.153   
 -1394.029    -1395.698    -1396.842    -1396.384    -1396.463    -1398.566    -1398.918   
 -1397.308    -1398.046    -1395.521    -1397.718    -1401.326    -1398.072    -1399.616   
 -1399.250    -1397.130    -1398.330    -1399.209    -1401.330    -1402.530    -1399.969   
 -1398.516    -1399.379    -1401.252    -1400.701    -1400.991    -1402.940    -1403.734   
 -1400.583    -1402.862    -1399.538    -1402.193    -1405.306    -1402.195    -1404.837   
 -1404.471    -1400.742    -1402.075    -1403.684    -1407.245    -1406.916    -1403.245   
 -1402.128    -1403.125    -1406.474    -1405.176    -1404.266    -1408.854    -1408.120   
 -1404.734    -1407.678    -1403.620    -1405.817    -1410.474    -1405.876    -1409.904   
 -1409.064    -1405.517    -1406.449    -1407.309    -1410.017    -1411.678    -1407.485   
 -1406.721    -1408.058    -1410.086    -1408.800    -1409.200    -1411.221    -1413.575   
